1575
2530
881
2175
2570
1475
604
1763
2860
702
2985
319
2024
2305
23
2226
623
2323
2604
170
1359
1574
1116
358
906
2453
1723
2962
775
2066
697
235
794
1765
977
1983
711
177
2648
1654
1066
468
2181
1411
1569
1530
2566
2618
1160
1726
2348
1157
2915
70
133
562
1552
2147
313
584
988
2224
2679
701
1944
585
2454
1328
2918
2797
2299
2382
2481
205
698
2944
18
151
1235
2083
620
2810
1087
1545
1419
314
1296
2924
2535
1895
1461
324
2249
898
152
1125
2451
476
142
29
2899
2341
1334
1188
2094
1306
227
2456
2139
2012
1229
2990
1301
2188
1304
121
1563
597
1094
778
1482
201
1647
1026
2640
2284
595
866
581
1219
796
470
2708
588
1718
2711
318
363
1684
2764
4
2109
336
149
24
1261
828
480
391
1069
1431
845
725
1179
2364
2631
1214
2105
1424
2065
2510
482
320
1554
1270
2855
2887
1849
463
2795
2064
1912
2153
87
1144
223
841
1717
564
2297
1326
1876
1357
2167
1887
2699
269
669
2780
1154
2967
2190
1635
897
2920
861
1281
622
557
180
2729
816
2002
2172
2664
2773
1090
1859
1870
27
919
2020
2798
2626
2864
2506
485
1395
741
1249
1639
2556
2308
2316
2974
1931
489
2921
1914
1926
2617
114
1047
2495
2140
821
438
1331
2041
9
97
2540
1682
1701
1509
1675
1595
1634
2992
1278
2379
8
2228
2560
1250
973
1178
1836
930
507
2575
34
2438
2477
1193
1124
2770
2173
105
2893
996
249
862
2412
1605
1310
459
824
2205
536
721
2602
2486
2142
117
1186
1476
119
1289
505
1908
2844
344
683
2100
599
2745
2805
274
135
25
1238
2263
2734
328
2850
2430
731
2824
1952
471
600
1820
306
1483
1862
1283
2935
1417
810
1240
211
690
1378
1187
2355
1141
781
857
2485
529
2754
308
1602
6
14
1308
972
1609
2113
673
2261
2794
2789
102
2465
1567
389
2189
2783
2107
621
2696
448
1073
758
534
1844
911
984
186
2034
2449
766
797
2392
1142
2471
1112
2001
2587
338
1970
1117
2940
1464
2178
1200
230
130
1400
1127
175
1297
524
495
1011
2145
2903
310
1471
1792
496
969
1291
2031
1975
2220
2579
719
1968
267
441
1003
2542
545
2584
1769
1165
2680
543
2346
1071
316
1694
2114
1468
865
2991
953
1389
2911
510
2792
2076
2283
100
2979
1255
1234
2760
155
1258
1982
173
2953
296
2577
150
1534
1336
2117
1001
2790
1438
2431
469
561
2291
2236
2868
429
1985
1399
2089
2337
2321
1523
2028
1488
2230
574
2883
1591
2879
867
1910
1502
2193
370
1149
2075
1252
2420
1905
1620
1215
431
2467
718
252
2381
2976
375
1322
1342
2134
1516
2225
2694
856
2492
351
1380
168
2296
1544
454
1115
331
1863
831
1293
425
1919
889
2847
1108
1145
658
214
2516
2332
1902
2555
2867
2354
1101
1421
2820
1181
1930
268
107
1004
2565
2856
1227
1967
2331
1714
2717
2650
2404
614
1997
2527
2586
2557
1498
2479
825
1196
1330
449
2802
137
509
961
1276
2583
1789
1696
2622
2135
1385
486
460
2963
2359
1350
2591
607
1315
1329
1758
2504
326
2585
1925
1021
139
1110
35
2651
1286
2197
109
353
724
750
2437
1536
1451
2330
190
1664
1939
1172
2574
1147
2709
1823
59
2787
330
1893
367
2768
36
2312
844
1946
1732
1613
2706
181
1029
343
272
575
940
395
2033
2873
400
90
1689
16
2978
956
1065
2949
487
2710
707
756
851
859
608
1356
1298
651
1879
2592
1746
2200
968
645
514
311
115
548
689
1241
946
515
944
2439
2578
2613
2475
1237
127
371
2735
481
662
2531
1987
2913
2446
325
2385
475
2132
1790
638
839
2595
2203
1018
89
341
1327
2758
2472
1685
1083
1847
1929
2723
421
2470
1520
232
1497
307
654
978
2675
1962
1979
1351
2752
1949
1239
161
2588
2087
2133
2894
2546
2671
2562
1770
2227
2693
765
301
1913
2982
2367
1526
2289
2987
2791
1109
2128
1273
950
1709
293
47
2363
309
2524
1121
2097
1692
1130
729
967
1650
2695
2538
2603
2255
2256
2092
1131
1974
2782
1644
1622
2045
1522
2288
247
335
2184
1041
1048
1028
809
2271
2378
1660
298
178
710
1951
2047
1302
1857
1825
1745
2970
2923
1856
1803
2276
918
1734
2186
1628
1761
2425
1721
2934
1855
33
962
2829
963
726
1433
2972
1082
1280
98
2676
938
1135
2077
11
2217
2807
1463
2144
2686
2310
1000
2722
166
2386
2165
901
1981
952
1022
1637
1173
2683
1826
2508
2436
2131
2461
1290
20
1933
1798
302
1396
362
2333
31
315
116
1921
2450
37
1230
827
903
2417
1630
2678
870
1460
1880
2497
1191
337
1474
1390
602
477
2040
2861
1943
1955
2503
2753
1548
322
196
875
2743
2755
64
547
74
1118
650
231
800
1358
2838
1707
506
2356
2287
1177
1263
2553
1470
610
2898
2058
1731
987
855
1541
221
368
852
1980
1446
814
140
2021
2581
1288
1703
1375
833
1619
352
894
1486
713
1126
583
396
2645
835
2611
1780
1394
2748
1496
2543
354
2070
2423
2174
145
436
2433
920
2512
2853
455
817
1841
2202
540
456
804
998
2573
1553
147
871
1753
1228
642
2339
746
1904
355
2257
1420
2857
2150
1033
261
2541
1881
899
2056
1508
2684
291
292
428
606
92
2247
1217
1513
2201
2185
2884
364
749
2833
1140
2928
559
572
2391
287
1568
922
1551
1068
1198
1210
1271
2307
2213
1300
921
1578
2511
2713
467
2750
2166
2533
189
2817
169
276
2338
2630
1599
1555
1176
525
198
763
2460
1182
1013
1430
959
153
580
1655
2318
1081
1015
280
126
103
1776
1089
2244
2242
2101
497
1312
2458
933
2155
2445
1343
194
85
2351
243
2081
1744
1037
340
339
2839
254
2170
218
2491
40
2872
433
1832
2493
2345
1727
2886
1391
2689
1830
1036
2605
2719
1736
334
854
2665
1099
2522
1425
904
2149
989
2426
2548
2340
2955
2281
877
2329
2222
926
184
2500
2365
2055
1976
743
795
1537
2353
1174
1708
592
596
2544
176
1804
768
1941
1724
2998
2576
376
2290
591
2091
1209
2208
2194
1532
2151
625
2347
801
742
110
1546
1601
1805
2489
2484
1260
2387
2380
1159
219
970
2812
447
1061
2936
733
976
1816
329
2285
1834
2885
1138
1747
2688
2490
2889
2877
518
2061
1074
687
2050
2264
1558
1614
991
2108
203
2054
1426
1257
1128
2698
1573
2526
2384
2303
1988
360
200
1956
1014
2840
2896
1860
1807
2212
2942
1098
1500
2687
924
1966
2845
779
2357
1866
2032
1189
348
49
1055
2007
2344
2427
1646
2390
2352
17
836
1008
349
700
1706
317
659
2246
422
2435
1450
2666
1383
637
1362
1720
430
2700
2616
708
1254
1986
849
1517
342
1031
2607
2848
1757
1096
667
2013
1853
2368
192
652
616
965
1456
279
405
2079
727
2029
2660
1961
2909
2628
1202
1103
2014
1309
2403
1600
419
1676
1518
2739
2265
1444
1317
2259
99
288
2377
1132
2653
297
2697
2601
500
369
2496
2270
458
1242
1561
2880
1225
209
2977
1924
2939
569
38
210
641
2051
1335
760
2239
1515
694
2231
2513
793
1610
1815
1442
2654
598
374
1580
378
156
1991
1827
1947
2682
51
377
1413
50
2078
2705
2039
2120
1729
1414
182
1928
2661
646
30
1120
2624
2621
91
2757
1319
1311
2282
1321
1678
2572
2554
2900
1716
1097
876
399
1656
1909
1604
2819
1320
681
2747
2669
1190
2161
1894
2761
1888
2062
2254
748
868
2858
248
2326
1051
819
527
1119
2830
2268
520
2018
1
1662
1585
1481
2464
1102
1440
359
676
2727
994
183
943
112
2822
2941
1842
7
2672
2937
1256
1651
1408
246
2334
55
439
1641
513
282
1749
2642
345
2701
1882
945
769
890
675
2143
2518
251
2902
1583
542
207
665
1959
2350
1410
1091
2279
1652
1907
1231
1668
1222
1581
1615
22
2399
216
2059
1950
394
782
1751
2298
887
2580
1374
1070
533
2594
2016
1885
1247
2235
2401
664
1467
2733
504
2732
934
798
1940
566
2397
2046
445
949
392
2552
2415
560
1063
1643
1594
478
1818
2320
2600
1299
709
1402
382
491
1397
1984
1899
1592
2945
65
594
1521
132
1629
1218
2652
1624
284
2641
2383
2529
2724
333
966
0
603
312
2983
1365
401
356
2957
1392
1232
1023
686
1274
1059
980
2569
134
2996
2681
738
517
807
629
754
263
1690
82
1466
2804
372
39
432
2969
2507
2121
2269
2964
913
1828
2749
1272
728
2948
2932
1401
935
1085
2814
2851
1576
2677
2926
266
2637
1764
1245
2514
2775
2376
66
2072
873
2278
2252
1759
323
2509
2396
2071
964
1387
2975
2342
165
2036
1213
1352
1412
1284
896
52
2177
1948
1236
2674
366
830
1012
1510
2515
2881
1810
159
573
1507
2563
774
1167
1843
1216
753
1371
2925
745
407
1920
730
2728
848
1484
805
2901
106
712
1801
1294
285
2295
2865
12
54
62
2043
1487
408
2746
1494
229
842
1755
1095
751
891
2550
2907
2408
2266
2536
187
2026
563
2519
2416
141
233
538
2823
1379
1673
1958
714
579
2327
1577
1674
1403
1884
215
1151
2999
1075
649
199
550
1005
2210
1683
1106
802
2389
927
2219
2742
1136
1945
123
1054
2690
905
1973
2778
2629
2025
1625
202
1632
2294
2292
593
2280
1361
1287
2394
2003
2466
2878
299
28
2260
1779
2474
94
193
695
2597
1611
2892
484
1666
494
1934
1251
2997
1039
617
1617
2659
759
1166
1504
1960
2870
2411
2157
384
2311
1873
2707
434
948
1795
2738
2897
451
925
1781
2737
300
2233
2211
1318
88
888
1211
2954
1064
2251
2593
164
2832
2505
2740
2667
668
1201
696
2272
21
1693
1663
780
1799
1527
2008
1423
1886
281
1937
2528
941
2366
762
2138
706
2547
2537
2643
1936
808
803
167
1422
979
241
1550
1586
2183
2906
2322
752
453
2663
278
2030
1636
680
570
636
1445
1738
997
385
565
2568
693
1686
60
2209
411
813
2017
2809
715
826
1571
2301
264
1722
558
1170
2325
2275
1608
2520
2104
2452
635
1835
1207
682
2647
2904
1437
179
5
975
2871
2015
2788
10
2243
1691
1203
357
1618
2428
1783
294
2721
2615
1007
2457
1564
42
2360
2502
1794
2127
2191
663
1267
412
2084
225
1030
2215
2164
2525
732
2610
1874
2947
2767
2169
2772
414
2726
1811
2373
1942
2248
2627
661
2606
295
2891
185
1086
2956
1965
220
1549
43
1911
1077
2413
1519
1338
957
2564
1205
2633
2980
576
883
1370
1080
1457
613
1092
2818
684
1377
2395
1505
1045
1184
1168
1932
936
2567
1762
2986
846
1208
2634
895
61
1533
2989
1697
1406
444
983
605
655
1161
2995
80
1150
93
2119
772
2245
2549
483
917
171
240
532
1347
1199
1560
259
255
1427
2004
1679
2042
2317
1053
2545
1845
2234
2811
2122
2961
1735
516
1640
1367
1543
321
1712
2414
1788
2930
671
188
2523
1565
2649
2863
2751
2159
1752
633
2635
2988
2374
2882
2232
154
1566
1562
1572
1588
104
2206
1869
258
874
146
1969
2358
1670
1598
2429
630
1153
2146
1324
2781
1485
2112
879
48
1584
1493
2517
1393
2614
413
197
217
1501
1436
1782
942
222
2841
410
1449
2487
1806
2532
878
716
1892
2419
1922
213
2657
1774
397
1743
1748
723
67
2874
1432
1339
1767
1506
1009
1416
1695
1889
624
2309
1570
78
2160
770
2103
2402
1809
1376
1333
1353
46
2890
1473
1542
1596
2088
1772
1478
1627
1846
1935
1829
2372
2670
1469
619
2019
174
1292
1183
1528
204
1687
208
2589
361
869
2842
2204
2468
1105
2168
19
818
122
2803
57
465
1019
2313
2777
703
2612
2406
1822
2938
2779
611
1821
1462
1479
571
2237
931
1152
128
660
163
1349
1443
2929
705
1295
1559
791
2258
1699
2400
685
2393
1754
2813
236
1248
2895
77
406
2685
1786
1386
2163
1032
1742
2480
2314
143
1079
1253
612
1680
847
1719
1623
1017
2090
2223
2582
2571
1705
1606
739
2022
2443
1226
1796
2011
1113
1797
44
1557
2482
1638
2968
546
838
834
586
1851
1107
415
1814
1661
381
1314
2958
2917
237
735
2422
1332
553
2816
72
2714
999
144
947
2825
1368
2625
1896
1771
556
764
273
442
1645
2692
618
1579
1062
2952
2599
822
1819
1024
1872
2866
1733
2199
974
627
1204
1612
1133
1865
2369
2691
2362
2048
1056
1808
2766
528
1035
160
1681
1088
2300
1016
1778
666
84
1398
2115
1381
2069
1850
2432
1405
1964
720
1531
1382
771
83
1057
2912
1875
1917
1233
1590
1667
409
380
2319
96
1642
41
1084
1653
2720
717
541
1305
2774
2388
1220
2946
1793
2085
228
1148
2073
2179
1067
2636
981
275
908
539
2240
923
1824
423
1582
224
1883
1963
863
1514
1812
332
172
387
2053
1491
1262
2966
915
2712
1060
2074
937
2759
955
2905
1345
1042
131
1535
1269
2123
1713
2447
2971
674
1977
704
1360
1078
589
365
1737
2241
2539
2808
1511
404
73
2876
1354
417
2343
2561
1710
242
1244
2158
1954
643
473
1901
985
158
1993
2126
2875
2086
971
499
1373
530
1784
1163
1923
2023
1900
567
101
250
265
902
1452
1524
2837
578
2125
1337
1649
129
2176
68
1999
2831
860
1989
2730
2478
551
498
2336
2558
271
1340
2375
1489
379
2462
820
